1000 10000
375 954
875 133
190 734
710 121
420 18
761 263
144 288
755 863
896 82
668 62
613 128
330 401
664 225
608 234
955 993
276 433
26 163
676 435
465 780
747 971
59 814
656 989
536 355
557 244
447 807
840 378
12 879
755 869
673 234
892 955
226 189
510 70
357 894
785 467
972 160
649 506
226 181
486 646
664 236
864 567
180 34
180 37
322 668
412 534
557 232
669 286
103 624
468 894
410 496
832 711
431 973
302 948
788 900
178 994
802 223
320 392
613 100
170 250
645 750
345 154
750 300
281 234
155 322
703 539
52 592
673 15
375 948
785 448
788 916
47 675
47 676
510 54
393 811
112 804
26 154
592 796
320 396
525 292
240 413
972 131
763 574
118 244
352 370
599 159
896 42
67 675
337 107
801 995
875 176
465 749
5 617
999 395
82 228
118 240
598 667
71 405
793 202
846 694
871 928
860 956
81 599
481 651
311 82
566 516
892 994
178 938
630 271
747 931
763 501
345 176
987 270
173 125
987 272
960 956
95 659
269 248
520 637
804 810
15 321
750 317
557 274
297 636
315 826
393 866
529 716
111 843
664 247
888 610
563 285
583 99
529 710
871 948
945 700
666 528
592 763
281 278
70 45
232 518
525 249
56 473
281 272
375 985
332 748
54 327
599 188
404 929
303 395
18 229
311 92
592 759
892 987
846 666
666 539
206 589
750 334
56 485
971 31
963 498
918 546
637 541
197 816
669 213
767 958
720 562
869 795
446 71
790 457
768 363
782 645
668 946
507 591
419 989
987 227
207 19
781 337
213 672
554 293
134 285
955 927
282 344
166 339
918 531
70 14
416 550
897 628
446 82
809 768
217 564
613 197
484 172
213 689
846 642
651 653
915 445
971 59
647 888
166 308
635 22
950 869
416 544
914 985
240 489
217 534
444 424
373 339
32 444
869 775
248 549
587 923
257 743
466 457
668 926
380 526
817 289
426 871
941 987
890 178
466 238
817 271
28 618
736 816
915 461
25 424
758 481
635 30
948 470
790 448
809 747
569 289
538 532
538 530
869 767
100 532
651 673
386 829
941 992
518 600
748 262
104 805
636 448
914 922
528 581
993 46
485 968
444 482
389 1000
910 544
655 484
154 835
736 881
969 963
282 368
822 18
676 478
839 21
31 781
13 562
553 867
309 631
786 617
652 3
373 320
765 866
781 371
918 574
446 48
695 391
100 514
201 556
512 763
613 159
647 846
671 242
120 583
576 478
416 586
250 770
720 505
839 50
309 604
814 650
165 232
649 572
673 295
230 40
790 476
154 854
983 521
767 939
154 858
444 462
883 357
59 833
513 162
785 417
896 755
533 444
71 468
446 60
720 514
851 307
767 929
950 891
558 144
386 863
624 357
380 581
173 196
536 305
614 462
830 913
576 454
892 907
576 455
581 858
88 301
466 402
879 908
671 265
434 371
316 201
757 215
106 827
614 445
980 720
601 787
554 223
923 113
157 537
513 253
284 46
850 891
123 591
484 206
152 623
152 626
35 634
523 840
263 659
197 781
271 251
49 786
271 250
230 24
244 146
786 524
432 297
923 101
601 796
778 253
634 692
195 216
617 138
478 62
120 643
129 344
893 963
427 306
766 129
67 20
550 652
632 161
632 160
789 405
216 895
61 589
495 395
623 600
495 389
863 916
634 681
764 187
280 851
976 196
764 185
507 600
619 519
595 732
922 656
814 731
513 241
617 152
551 153
432 276
143 897
521 351
639 766
120 628
882 786
454 831
507 618
94 130
542 746
35 628
197 305
518 546
856 188
380 511
523 806
948 379
185 376
277 60
620 734
159 669
980 768
197 309
744 830
65 35
246 877
452 1
120 614
518 535
143 874
425 500
665 42
64 863
188 226
478 601
839 524
790 534
18 43
572 508
438 662
569 355
31 820
32 508
264 878
723 478
277 81
489 940
639 791
141 210
550 616
344 874
792 928
500 574
679 850
271 218
35 656
538 570
741 227
494 1
901 414
478 617
976 150
910 590
709 833
462 654
696 5
692 186
454 802
551 130
264 848
914 32
31 838
286 399
778 243
137 442
986 756
13 501
378 861
778 239
659 369
471 605
244 125
217 20
432 237
515 849
448 376
416 508
720 467
933 579
410 408
745 112
462 640
861 346
692 192
246 835
661 149
859 563
22 159
313 722
824 55
839 556
427 398
423 237
611 118
454 39
976 104
608 197
439 112
356 44
634 611
882 724
961 638
22 140
293 611
198 427
130 283
408 361
300 900
945 603
692 27
434 305
619 576
661 120
674 108
709 874
410 434
147 237
362 297
756 789
164 814
357 919
168 750
288 514
599 147
630 279
251 293
532 144
761 218
152 690
961 650
654 819
352 468
536 297
879 892
696 63
408 346
691 760
123 535
529 638
357 920
692 149
268 220
457 206
698 504
564 333
441 25
917 903
118 345
441 23
835 903
523 885
130 249
604 449
709 893
468 975
835 906
572 578
260 384
345 521
425 597
47 614
769 522
934 685
478 677
903 463
315 4
745 170
933 518
590 549
443 951
875 219
286 322
441 88
106 870
692 132
356 89
425 589
545 238
545 237
170 150
192 827
888 672
267 879
463 193
755 820
644 770
926 175
267 873
648 348
627 592
672 878
130 224
272 704
164 855
345 100
441 549
730 506
468 994
654 868
848 421
366 229
132 866
575 847
980 701
474 90
323 792
550 695
410 484
616 826
441 552
616 824
660 259
692 110
867 884
771 380
443 973
93 888
228 510
355 552
81 612
214 208
267 776
512 850
226 291
47 781
864 470
832 625
165 160
648 205
673 135
790 399
1 33
840 476
994 209
404 854
103 730
646 172
564 286
8 481
415 20
610 868
564 289
832 617
520 731
95 559
974 868
300 974
539 93
755 715
894 247
765 722
566 442
173 275
557 377
949 25
785 594
656 866
761 388
190 855
666 91
538 602
267 790
674 278
257 806
974 872
137 61
972 70
561 591
456 533
206 450
693 979
341 670
315 720
785 580
969 810
67 740
531 455
13 478
253 181
330 518
250 657
13 472
681 70
5 763
682 785
763 433
144 145
835 950
508 175
691 795
481 743
364 354
691 797
391 443
561 564
915 532
486 558
824 48
880 965
592 883
393 88
329 812
695 437
646 129
235 215
404 809
821 892
309 575
674 270
755 751
364 342
598 759
218 46
864 421
592 872
830 878
137 79
974 821
535 992
974 822
240 579
369 967
293 778
531 426
958 867
372 97
528 72
61 613
961 431
446 809
972 32
446 805
840 457
958 861
307 663
757 1
20 97
144 130
535 985
516 499
535 981
951 216
364 363
529 604
755 772
307 679
85 288
981 198
415 87
703 60
312 89
346 130
831 281
137 95
830 890
576 519
419 880
736 13
31 884
336 557
972 12
97 923
101 136
500 528
494 427
958 806
426 994
115 949
393 786
889 264
217 417
546 161
38 356
136 896
768 464
231 497
809 866
107 198
649 487
744 733
948 593
744 734
305 790
725 83
234 729
248 670
500 537
448 160
739 408
380 654
53 978
438 718
500 530
329 836
504 762
744 745
961 90
914 841
649 476
438 743
725 98
636 572
257 7
500 545
201 621
937 505
466 355
578 3
54 90
54 96
987 105
889 282
792 858
736 29
386 925
758 380
315 799
682 700
809 885
304 73
915 561
499 149
576 553
561 519
980 686
185 457
53 955
422 924
466 349
201 631
610 816
389 93
637 442
94 178
329 899
107 147
71 345
217 458
379 452
71 54
507 658
967 508
329 891
651 521
538 624
67 53
88 436
910 648
536 422
796 215
657 118
282 245
682 765
748 109
763 492
948 550
398 132
883 462
683 281
774 657
956 352
213 589
548 657
676 384
187 787
774 652
423 53
918 468
736 768
386 970
336 572
382 170
655 360
915 593
970 103
248 645
814 793
210 910
107 126
32 345
971 815
326 234
538 648
438 705
448 199
817 105
562 815
655 88
445 30
32 339
71 68
101 188
765 744
971 825
398 111
948 536
419 898
811 688
125 362
250 611
250 612
869 621
389 177
65 446
201 679
197 908
59 985
301 161
141 197
423 76
305 735
656 896
923 258
546 214
475 62
123 489
999 644
457 153
420 197
304 18
627 400
739 368
841 31
578 657
877 108
476 54
583 435
569 444
740 72
305 710
999 645
824 142
194 953
104 642
521 234
942 531
432 156
694 390
629 960
523 716
346 49
448 215
878 90
632 271
719 658
782 700
159 797
578 668
379 496
71 269
556 953
107 224
829 218
244 292
94 254
583 428
352 501
284 347
436 965
454 708
917 834
268 174
836 272
495 290
905 1
758 305
125 323
999 661
575 983
739 348
513 137
132 961
869 702
575 989
476 32
280 951
271 357
122 11
476 33
231 511
129 237
558 164
152 500
195 106
228 407
71 271
152 503
394 471
432 176
550 768
141 165
934 89
394 456
280 959
109 89
869 714
200 999
181 604
655 442
120 761
998 902
200 991
436 983
619 608
187 828
362 124
825 47
288 676
550 737
623 769
25 500
970 196
152 524
999 603
265 407
614 506
231 577
336 644
641 778
976 497
732 842
882 877
336 641
122 30
272 668
381 818
588 554
244 242
427 200
349 955
823 862
448 255
214 163
426 950
898 100
867 922
98 413
515 983
758 311
720 588
642 275
130 1000
495 217
264 79
336 632
769 57
52 622
157 458
773 93
799 626
758 348
460 117
792 820
238 390
813 7
861 456
769 41
495 243
614 525
152 548
908 183
197 869
228 449
122 54
688 910
825 30
679 963
214 147
187 810
554 59
838 968
898 127
228 451
745 213
205 2
284 328
205 6
583 449
623 799
195 136
790 8
741 332
971 778
265 430
948 482
688 900
492 715
863 71
934 504
176 890
130 148
695 405
574 718
728 243
362 170
161 533
698 618
286 234
861 435
105 111
976 238
286 240
235 253
387 395
332 667
863 870
283 623
691 882
575 924
366 301
903 520
575 921
975 705
839 698
456 607
429 882
454 794
735 900
122 65
541 787
206 393
840 517
750 263
654 935
251 399
372 72
441 636
998 968
728 250
829 294
15 258
666 32
829 296
761 328
938 114
666 35
216 943
964 85
122 69
288 627
945 507
91 161
200 939
885 388
634 717
15 255
666 328
922 584
200 904
861 415
709 971
273 137
311 563
954 632
786 492
381 863
666 358
176 861
931 329
408 250
710 197
143 945
634 747
823 891
773 57
311 568
297 447
880 986
735 923
456 60
863 849
118 449
235 241
644 697
700 665
311 551
698 643
197 452
698 648
222 370
159 731
91 180
184 9
366 332
773 65
769 693
855 184
544 964
863 34
894 288
313 824
352 536
966 506
436 990
124 856
366 344
795 628
313 828
864 385
757 194
452 841
168 678
829 242
61 665
492 774
740 885
106 730
492 776
872 461
116 148
152 596
231 505
878 44
498 647
542 666
740 20
831 335
557 462
327 299
945 540
933 56
670 843
376 205
118 424
829 266
388 70
863 11
124 839
859 486
541 733
539 960
159 707
691 823
666 63
293 701
666 394
844 66
888 785
933 42
691 826
260 246
996 420
147 367
579 20
111 909
799 696
728 277
821 826
542 649
87 806
735 965
634 772
859 472
874 806
366 374
402 359
535 906
460 189
644 655
297 880
333 126
545 516
732 495
989 262
350 706
534 5
102 985
994 548
329 80
437 39
842 973
437 36
710 323
263 83
15 550
357 625
118 481
240 678
661 757
597 243
896 904
566 746
989 270
456 863
81 340
441 726
297 879
444 651
848 720
276 642
739 708
329 91
691 428
793 438
112 622
507 386
268 415
598 895
528 757
357 614
918 723
240 684
358 396
238 749
225 96
7 869
391 64
680 716
512 937
431 765
206 354
320 592
273 295
178 710
889 585
402 776
129 602
691 431
488 501
263 918
456 885
821 779
918 716
680 700
106 569
93 595
848 701
549 227
112 603
979 98
681 143
178 723
54 567
815 356
486 427
238 731
819 233
520 418
604 260
1000 997
597 270
999 189
498 784
736 689
736 688
572 269
549 257
498 781
164 983
804 92
566 793
982 897
961 358
648 543
967 447
871 728
327 239
41 238
102 58
709 681
511 71
804 608
572 259
397 119
102 46
164 994
691 470
566 786
956 612
444 612
753 217
561 240
753 216
650 7
297 830
650 9
300 635
213 843
5 408
676 683
170 466
136 723
307 754
168 92
34 899
979 75
902 54
500 808
10 818
799 239
682 693
686 812
292 40
73 509
912 920
463 487
682 697
564 180
57 512
240 643
926 476
793 421
65 599
975 659
954 381
389 265
67 417
500 802
736 661
135 13
832 975
597 221
916 18
364 421
818 746
256 186
270 941
303 113
511 61
682 691
765 638
500 861
159 493
187 654
134 480
257 561
993 891
826 329
201 300
826 324
833 196
250 992
374 32
671 483
624 560
330 692
809 974
462 389
88 71
70 700
228 287
40 739
576 232
466 663
502 917
143 589
785 664
13 311
374 29
869 984
768 579
515 694
210 803
682 624
75 806
967 413
431 41
682 622
695 148
393 681
710 80
942 855
263 997
536 539
34 888
1000 927
563 440
400 594
413 671
576 224
671 498
40 742
610 77
398 263
309 843
603 923
826 343
781 164
372 614
143 565
88 52
695 170
415 848
853 944
242 939
820 282
333 15
473 337
373 2
844 300
374 41
40 751
379 341
134 469
465 930
70 720
890 394
597 281
531 744
689 273
209 985
864 730
88 21
393 645
536 518
453 222
918 788
624 524
88 18
790 697
417 244
607 561
290 294
513 3
242 957
871 799
279 40
391 158
999 121
504 658
607 577
828 650
28 883
226 342
495 685
523 7
290 288
140 336
373 128
494 793
785 629
948 6
926 400
384 656
250 967
948 225
65 511
777 906
948 223
993 833
402 731
636 678
34 846
290 275
910 326
329 51
5 471
374 98
682 616
508 498
844 358
689 283
956 675
785 605
298 55
897 404
993 846
226 322
781 990
371 56
329 67
165 427
305 678
659 554
370 273
417 212
715 139
384 675
901 679
185 141
140 379
380 760
758 223
128 472
344 8
623 425
98 522
220 177
140 382
143 622
601 501
725 897
479 146
46 93
858 469
380 755
781 937
859 20
473 277
205 836
326 625
478 835
161 80
10 796
903 636
948 122
726 157
538 365
141 479
415 893
824 214
585 99
590 709
109 128
745 339
621 158
636 656
823 721
326 639
786 325
874 766
201 385
159 416
735 899
462 416
185 161
637 174
726 162
790 765
244 382
432 491
659 592
778 485
885 230
585 878
228 341
581 577
623 405
781 953
890 425
991 996
854 197
283 942
620 995
790 771
208 188
513 449
788 785
642 394
910 364
384 748
246 645
451 113
986 512
380 722
624 508
478 866
980 557
781 943
200 893
42 75
948 147
824 243
494 836
775 127
128 436
945 450
424 848
735 876
637 370
161 47
413 584
966 842
137 698
885 215
301 247
283 921
934 484
362 426
301 242
143 667
513 492
407 660
888 467
812 122
858 497
100 708
329 557
966 858
637 121
35 886
550 880
756 596
550 883
381 916
49 548
839 723
157 783
725 849
917 727
586 234
614 672
771 597
179 89
723 202
494 814
362 450
152 841
261 389
109 197
971 406
991 70
663 727
777 970
627 765
668 773
352 616
567 244
634 445
922 885
583 313
783 320
49 535
203 531
874 734
838 812
248 837
556 849
521 583
257 571
301 261
513 471
595 507
345 741
576 252
257 573
316 462
61 355
571 858
461 955
61 352
382 431
232 277
56 716
192 690
590 722
396 954
396 955
805 675
187 758
620 943
610 30
719 534
257 580
521 592
733 247
585 825
706 984
132 646
78 233
931 28
599 323
943 130
516 546
679 672
945 413
707 256
190 426
461 962
350 652
181 779
231 831
161 836
686 703
37 933
642 328
20 29
273 215
996 537
454 619
122 926
569 517
795 955
933 758
978 725
813 990
350 669
688 623
347 931
106 632
571 837
789 207
557 90
118 531
260 165
652 145
423 412
492 431
172 557
529 425
936 985
771 10
882 917
606 703
168 551
461 981
931 227
327 165
441 780
41 242
118 537
350 639
694 610
104 566
441 788
323 543
888 456
41 258
118 544
733 206
172 566
288 704
52 312
606 712
492 419
732 556
387 91
137 606
649 57
867 41
403 129
231 860
407 655
660 499
951 272
991 929
524 289
454 635
566 829
408 131
20 73
823 770
916 83
164 70
916 85
877 284
938 228
623 466
571 805
740 753
347 961
118 558
686 741
789 266
441 760
20 68
221 740
542 577
498 708
974 912
938 211
825 6
989 228
778 410
820 319
842 937
750 121
161 865
662 38
574 829
541 887
498 700
95 860
108 802
574 835
459 249
423 450
771 55
727 715
815 434
858 445
863 751
439 385
730 703
147 473
542 599
662 26
423 441
176 751
144 101
771 66
201 186
268 462
98 570
423 445
201 190
673 416
732 594
161 885
273 244
604 238
542 586
147 464
951 234
516 551
372 575
398 307
830 646
471 295
413 715
557 188
802 149
680 830
672 925
953 913
660 1
717 660
926 557
982 995
818 816
561 324
967 342
276 535
528 889
488 624
507 496
756 611
531 686
400 637
880 72
270 852
880 737
897 1
320 476
17 866
951 442
10 906
524 459
848 824
341 461
880 88
815 230
680 822
441 820
897 2
956 514
307 893
828 595
715 211
648 419
81 205
268 315
967 352
341 459
520 533
604 382
377 105
810 25
676 542
67 564
270 864
221 808
372 593
256 280
954 449
17 834
951 457
402 637
826 285
599 280
963 584
844 298
483 962
802 168
332 39
813 910
818 839
452 654
293 535
481 525
402 636
880 50
907 407
234 931
413 705
256 293
592 656
226 38
763 633
18 134
300 718
421 929
836 80
421 927
557 153
456 740
410 183
465 637
270 849
836 74
926 562
389 335
711 763
651 83
572 185
251 196
354 872
413 702
375 644
711 766
999 282
524 439
378 85
976 622
153 269
672 969
524 482
597 331
17 810
767 71
421 990
937 366
463 370
976 628
836 66
8 253
409 171
238 663
209 806
802 119
989 171
860 848
410 155
416 253
859 709
676 588
7 950
54 645
651 63
278 56
307 855
452 642
649 647
967 313
649 644
472 969
978 923
975 550
386 770
361 949
688 661
566 670
122 844
537 975
40 807
184 981
817 301
8 231
676 551
607 602
459 298
649 637
300 749
122 840
240 754
57 422
22 557
297 714
134 562
206 201
244 9
87 970
815 251
912 810
545 662
842 887
937 335
793 516
651 42
488 698
357 777
649 627
859 724
54 669
755 975
364 512
159 598
13 224
820 176
587 604
798 949
587 602
100 608
322 930
550 906
618 906
839 828
881 89
462 242
386 750
536 650
975 571
975 572
918 687
415 952
370 100
548 883
329 655
232 479
192 491
806 23
10 972
32 592
999 222
956 595
948 315
896 883
59 724
357 794
854 358
475 851
918 675
59 719
416 214
487 1000
417 374
84 810
40 843
136 631
991 23
563 548
992 188
546 380
71 128
871 881
591 162
466 553
546 387
664 306
84 829
637 223
291 54
961 278
883 89
883 85
588 819
883 83
299 88
598 931
34 972
761 197
330 796
563 551
980 484
59 743
500 756
201 438
785 782
637 214
980 493
645 449
549 163
994 493
253 378
120 458
624 426
447 740
228 153
671 337
607 664
322 971
250 840
537 919
475 827
438 962
120 41
320 423
453 123
305 546
983 209
984 435
781 876
375 663
375 666
415 921
432 326
531 638
922 806
70 808
520 579
466 567
438 956
988 957
184 909
129 534
616 459
494 652
320 434
846 509
950 975
444 551
290 149
290 147
505 162
876 999
581 701
576 320
915 316
34 946
853 870
507 473
232 460
88 210
583 123
504 521
291 17
918 669
102 824
187 580
209 877
305 539
663 908
316 284
512 10
488 616
793 598
469 466
154 764
384 533
210 728
336 784
84 879
918 654
102 837
398 316
950 955
102 832
864 609
505 180
999 846
75 863
591 106
513 317
469 524
396 6
948 271
50 14
595 421
839 898
137 796
978 892
782 994
432 366
771 422
310 833
253 448
50 24
396 873
636 754
384 629
627 610
785 817
498 801
931 177
478 748
709 701
838 741
874 663
478 741
735 784
620 861
451 240
581 685
344 743
78 186
820 212
669 13
585 989
551 272
536 600
165 407
567 300
243 290
641 999
37 890
336 867
417 310
768 615
922 704
885 137
885 139
414 113
261 293
890 326
432 387
65 726
192 554
623 553
267 919
451 213
117 12
931 199
98 637
165 412
469 551
50 216
804 486
583 200
117 999
523 937
417 329
438 42
143 757
783 276
344 721
38 130
586 399
885 123
741 82
857 837
922 763
851 748
732 642
396 840
492 503
460 27
569 681
567 360
728 18
576 373
591 154
301 389
917 611
576 379
427 410
129 489
569 699
971 510
639 887
571 977
264 539
431 72
141 378
143 780
644 831
38 199
512 63
261 285
896 793
563 521
434 246
284 110
586 335
523 959
427 400
945 347
201 488
396 866
642 487
120 531
75 849
450 984
636 742
352 710
936 848
591 132
450 990
182 153
606 800
563 772
398 281
533 850
125 562
516 628
301 368
157 650
893 839
326 554
379 272
966 733
523 970
824 375
931 151
790 615
663 871
585 926
996 626
198 143
198 35
783 237
869 954
117 958
512 89
479 298
197 618
353 17
621 232
187 617
888 592
723 197
332 465
193 253
733 18
541 994
850 596
557 212
867 770
937 276
463 299
831 106
498 878
992 43
240 851
541 996
936 855
289 131
19 943
323 422
54 711
210 79
557 222
686 853
273 326
436 760
791 102
966 756
492 539
688 766
103 120
137 727
130 333
271 164
756 683
624 17
813 886
528 910
412 970
268 371
478 790
402 584
106 509
636 705
986 686
858 503
288 851
938 380
799 468
390 982
740 676
424 926
397 312
832 871
19 986
606 855
52 456
805 536
666 147
130 361
207 836
545 599
937 262
396 814
361 861
52 450
789 129
390 999
255 710
676 622
93 559
441 863
240 810
821 615
272 866
686 881
709 754
407 724
210 39
599 257
161 773
332 412
706 815
283 875
132 772
996 682
813 891
971 599
456 831
190 568
770 988
17 774
265 612
858 553
61 402
238 592
29 157
700 434
362 388
332 440
293 506
592 737
283 892
872 236
711 728
660 345
400 727
700 420
551 210
998 742
109 208
860 918
691 614
666 104
332 432
877 397
350 585
745 493
978 886
117 50
872 247
103 186
318 99
412 949
867 743
456 264
253 455
594 814
66 973
804 459
803 906
343 860
992 251
488 737
631 663
992 257
804 455
253 460
624 779
524 515
256 360
413 859
829 511
447 409
680 936
350 904
110 98
344 490
384 400
271 649
696 283
926 652
584 239
891 121
79 80
393 407
215 159
804 444
555 988
505 38
5 221
662 339
921 710
171 802
860 567
577 882
622 830
296 944
488 711
267 487
517 899
885 953
675 739
215 140
977 206
574 278
5 232
114 177
535 681
814 213
872 822
698 186
895 243
750 707
934 292
970 458
84 953
691 273
825 894
107 496
82 631
222 851
860 544
209 796
80 656
761 68
372 884
76 639
231 164
965 790
437 725
226 545
517 837
382 8
788 67
505 65
95 267
222 845
346 401
970 463
732 31
15 705
763 106
795 394
801 597
87 482
901 940
437 717
296 918
486 297
662 390
1 814
198 902
720 997
826 590
696 213
153 334
891 137
788 95
281 685
561 86
675 771
864 947
806 293
682 403
274 542
622 870
847 819
15 745
645 303
768 791
784 987
384 466
166 742
670 293
79 18
162 406
466 894
657 489
863 450
82 678
842 760
472 869
946 492
306 77
200 265
722 773
854 899
28 246
380 162
836 833
381 355
45 375
538 950
901 911
259 49
139 948
48 512
100 144
818 518
306 65
384 495
100 148
132 397
691 10
214 51
952 31
973 573
41 478
252 946
380 157
383 992
949 396
434 827
632 618
918 948
200 282
247 652
623 196
102 782
205 586
232 72
606 495
884 759
976 738
818 504
13 138
952 45
791 69
426 469
955 547
346 472
709 478
632 609
293 252
252 954
200 293
444 827
488 786
466 850
659 726
111 406
659 727
963 71
381 343
79 616
748 676
36 895
248 142
313 214
406 841
852 283
81 136
485 580
703 984
354 753
486 205
8 140
209 717
606 447
404 30
605 912
982 600
617 628
196 899
975 403
661 519
291 158
723 816
918 975
259 993
485 577
476 231
703 985
247 838
219 922
710 564
955 552
434 861
613 563
176 416
948 805
738 646
612 710
449 928
736 480
685 803
441 971
918 988
809 338
885 925
983 140
250 354
723 808
110 50
617 612
642 615
723 804
433 912
8 164
32 83
949 326
779 775
902 401
710 579
583 918
76 696
966 223
68 74
217 988
445 340
215 108
97 679
299 316
931 864
617 643
416 80
201 967
902 419
492 263
587 562
412 128
895 206
715 46
727 466
68 66
538 902
331 5
339 267
757 822
458 914
87 427
894 556
926 678
70 553
983 128
23 892
360 413
736 469
485 542
524 567
801 538
626 602
889 725
546 509
104 394
643 16
899 455
569 710
73 368
704 541
284 649
766 529
564 799
779 88
395 243
890 638
897 171
269 693
929 867
564 791
617 530
772 920
247 915
422 372
836 797
475 598
482 323
299 297
661 551
349 680
695 743
544 617
190 236
322 178
250 381
4 41
704 557
322 180
181 102
779 72
94 524
943 335
655 957
855 464
875 662
595 329
854 811
48 580
303 850
855 469
578 384
211 175
290 9
211 177
460 491
518 152
999 915
431 561
103 286
45 423
958 483
968 257
342 474
606 513
146 755
600 88
968 253
544 23
613 944
459 473
326 856
489 371
746 262
886 137
119 192
177 244
390 409
422 399
551 553
434 763
711 628
141 643
104 367
687 204
215 5
542 353
681 457
249 233
215 1
172 361
104 365
899 488
193 327
431 554
899 489
655 930
399 820
138 382
459 488
190 207
422 389
63 908
399 829
133 103
365 833
929 892
863 516
67 122
157 117
687 209
35 15
154 399
450 819
605 860
429 585
307 145
467 857
995 316
103 269
842 96
855 419
661 590
244 507
118 765
25 805
277 107
501 253
914 485
564 757
35 23
907 371
137 817
920 350
583 975
995 326
999 903
673 600
394 793
855 423
177 256
758 867
605 879
706 749
365 812
48 51
551 548
205 687
976 784
642 551
769 998
832 305
354 708
69 458
997 996
748 41
404 533
661 562
407 414
853 78
491 926
968 293
653 382
244 529
269 675
726 337
886 175
943 386
599 571
407 409
470 36
399 867
349 660
904 128
709 438
870 390
668 575
433 46
205 695
954 979
995 347
924 920
599 586
278 779
433 875
244 538
884 830
530 194
326 807
526 296
600 31
269 668
62 429
469 639
387 646
154 362
590 990
540 25
546 584
936 716
979 890
210 677
393 496
118 727
924 958
24 120
307 185
222 887
297 165
844 533
564 700
37 40
987 633
897 106
626 694
527 99
144 736
643 80
745 529
757 696
965 752
91 457
886 189
489 522
261 131
306 887
344 416
499 666
977 266
104 300
539 207
812 355
924 945
806 195
729 812
909 19
660 625
844 522
475 515
950 310
37 51
643 74
772 987
345 998
401 587
750 76
337 602
288 100
407 459
253 526
5 195
355 54
868 125
210 653
773 181
726 378
651 291
390 490
62 443
310 751
1 705
447 352
213 263
601 324
69 485
407 449
167 120
190 298
349 621
788 55
528 176
651 280
757 92
58 910
211 108
433 88
284 692
1 775
39 942
927 322
395 208
954 9
425 983
342 416
425 980
714 59
157 108
651 225
544 47
414 247
539 679
899 417
968 44
243 181
768 728
899 411
578 366
232 3
804 365
979 856
799 973
1 760
544 56
826 612
779 33
19 459
968 55
94 568
968 57
52 988
868 193
726 387
455 84
831 862
58 970
647 443
591 445
18 933
482 363
300 486
653 300
586 496
619 958
447 380
743 758
795 335
297 194
826 620
62 487
154 330
716 811
750 38
831 833
716 814
91 405
482 354
80 700
577 956
367 173
257 373
689 520
65 825
261 195
555 877
328 815
539 668
414 210
991 751
261 191
258 19
651 232
757 53
968 209
44 950
25 860
397 851
469 646
766 552
372 901
875 609
984 467
647 422
44 957
351 104
869 57
584 327
552 158
154 546
455 855
196 715
162 343
624 674
34 716
39 996
401 753
843 387
895 81
594 916
271 784
528 214
964 235
926 752
829 617
108 131
741 835
659 682
53 18
230 712
801 459
670 371
435 293
49 240
226 693
393 303
488 75
471 91
361 78
804 306
414 267
911 159
845 181
814 367
409 300
615 4
312 891
75 89
209 631
87 338
188 679
401 775
831 947
516 902
615 7
188 675
561 997
19 259
486 140
455 883
409 316
757 726
240 104
471 77
75 98
647 534
456 132
164 469
12 599
806 100
274 434
451 377
486 138
401 765
934 194
162 305
414 287
784 809
411 754
926 60
926 771
188 665
865 389
312 835
306 740
312 836
60 982
812 259
964 261
812 258
747 666
230 769
852 195
579 413
685 759
822 803
158 198
897 323
257 411
292 858
500 977
589 212
915 149
230 770
882 480
589 215
166 623
72 914
393 353
864 835
230 756
447 549
864 836
312 842
171 718
329 416
409 379
561 964
755 367
447 544
87 383
782 346
293 390
292 880
230 789
696 118
980 251
963 757
687 188
176 392
586 545
528 239
472 705
437 605
472 707
561 955
455 837
645 203
664 557
576 112
200 109
500 997
200 90
79 799
747 657
915 13
812 285
380 234
579 440
79 791
240 147
686 277
782 103
586 556
213 114
188 621
689 351
213 82
755 384
180 931
82 539
176 367
931 707
638 345
464 763
324 607
975 302
855 527
852 159
464 767
180 996
553 521
817 566
620 144
836 740
842 633
490 70
501 475
782 122
217 818
247 515
834 901
476 106
623 293
406 961
919 592
148 999
123 818
366 719
709 585
636 157
431 602
23 973
490 78
431 619
902 502
70 623
322 308
181 180
748 521
478 195
278 833
426 564
859 962
823 494
858 829
865 310
859 966
822 863
23 946
313 327
284 819
30 79
994 699
980 290
431 615
21 555
930 741
574 5
803 79
176 336
858 819
664 580
595 159
582 26
818 638
638 316
176 335
637 829
465 426
95 102
332 1
97 542
284 808
379 832
79 755
431 622
75 15
549 372
466 95
156 705
255 993
181 160
413 962
420 558
736 331
472 761
413 960
287 946
886 329
994 631
792 494
104 282
814 386
777 375
196 754
501 431
976 829
503 958
413 952
492 385
434 963
202 350
492 382
574 366
781 681
673 579
379 854
30 68
682 378
661 606
217 851
293 320
786 909
580 293
604 162
434 970
67 304
235 679
608 549
267 341
845 171
615 59
864 883
604 169
419 58
713 802
637 858
608 546
350 819
949 221
477 89
488 888
632 777
434 986
267 358
549 336
21 598
21 592
542 242
23 993
854 989
164 420
319 922
196 788
753 149
319 929
926 13
814 398
383 97
462 969
823 427
569 851
578 266
127 7
965 808
193 436
684 94
858 795
532 493
277 248
290 827
587 481
48 451
681 330
792 399
402 50
177 129
566 960
82 493
936 663
172 482
69 527
655 811
162 33
695 888
695 889
892 663
467 784
642 626
462 971
64 42
546 615
850 394
575 38
366 789
571 56
472 689
337 556
284 760
429 419
521 626
884 913
69 512
931 795
971 337
339 21
743 899
73 489
617 419
36 957
906 616
766 643
777 483
854 945
462 984
177 100
620 85
632 698
543 70
787 354
390 305
805 736
959 504
307 229
870 430
18 859
64 306
478 129
551 459
491 814
307 235
873 106
575 11
480 174
626 733
216 7
567 188
960 519
155 34
667 946
66 156
901 1
290 832
26 451
64 312
960 510
943 456
566 949
653 477
394 880
211 251
400 919
983 71
253 607
480 120
920 480
350 768
38 16
569 895
960 561
650 919
876 280
169 537
632 78
732 439
973 553
828 5
277 204
527 712
758 716
521 670
480 112
115 455
722 835
155 59
350 758
668 455
583 872
462 935
626 718
973 569
968 166
172 435
18 867
758 729
707 156
303 791
501 387
571 19
564 642
433 753
465 452
876 277
889 633
48 486
118 895
467 736
464 758
927 285
668 461
930 708
73 446
349 532
668 466
655 807
471 902
580 221
269 534
269 533
132 512
566 914
599 439
379 916
889 640
994 708
699 8
116 599
863 418
464 749
850 334
338 195
464 745
583 851
732 420
751 140
567 146
766 610
459 542
651 175
381 428
601 226
186 136
757 560
757 562
991 601
670 409
909 128
797 938
213 137
991 600
721 434
837 336
66 788
899 519
272 220
959 568
559 86
526 129
438 325
494 942
650 959
285 67
882 423
314 253
499 566
345 868
405 529
144 630
564 604
891 184
263 307
655 895
837 341
620 19
80 872
729 915
372 820
222 792
25 947
460 542
527 779
786 880
471 944
745 659
516 854
370 319
213 158
387 768
422 412
526 104
726 472
162 390
505 353
741 777
85 653
107 686
794 906
460 551
152 975
171 735
757 578
90 57
755 295
405 504
471 932
575 505
899 504
390 381
741 763
505 346
434 30
326 789
186 151
80 852
582 978
351 243
345 849
875 709
784 905
512 375
473 188
629 521
1 872
890 533
213 178
91 527
662 407
37 207
675 945
851 934
934 143
901 771
847 650
789 723
512 387
516 808
929 977
118 810
573 828
482 229
794 917
91 517
303 718
190 372
473 183
480 192
469 762
872 858
746 167
992 340
979 730
60 937
991 669
821 88
425 863
292 804
917 409
624 605
721 491
44 801
626 766
626 765
121 355
631 618
118 801
491 863
326 751
573 840
205 715
505 304
342 523
90 94
62 357
991 657
401 699
656 375
890 563
639 10
623 303
556 541
494 996
983 22
901 799
471 24
766 699
929 60
843 486
801 345
428 922
54 188
375 369
447 214
4 971
620 457
180 807
578 639
967 891
509 838
57 100
926 845
74 118
940 907
507 788
636 262
222 613
330 205
341 983
179 903
524 704
656 788
719 958
538 768
136 91
153 563
32 222
244 94
917 362
97 864
509 829
107 242
528 345
840 173
180 820
910 781
91 705
39 659
440 201
710 728
998 33
401 847
310 557
843 468
213 464
613 379
271 899
380 336
664 892
664 894
899 608
437 504
885 752
780 900
53 891
790 248
507 764
790 244
846 825
766 271
14 818
508 48
80 430
592 117
747 787
665 193
512 534
360 266
723 623
843 470
82 849
956 247
921 907
998 480
780 911
946 227
79 894
266 966
578 622
780 919
94 291
675 540
926 838
970 242
12 693
538 51
488 974
967 852
781 569
213 446
825 699
119 423
300 239
330 239
363 132
4 934
512 567
401 897
199 288
54 142
558 325
72 823
860 342
558 322
495 202
495 208
979 707
253 696
956 216
153 514
416 796
856 37
136 318
863 284
76 442
213 431
637 789
514 837
731 728
987 460
379 797
162 670
597 66
240 228
133 75
428 906
215 388
501 502
620 438
792 728
924 681
175 776
620 432
652 73
514 868
827 208
955 706
440 235
153 538
649 365
31 992
894 769
119 408
586 616
41 616
20 984
719 937
252 27
782 420
281 869
599 811
782 421
271 867
247 474
867 289
450 598
979 712
292 790
556 310
914 757
33 66
625 263
517 675
205 397
914 755
270 98
716 72
399 682
693 829
199 247
412 338
111 614
242 512
806 438
100 354
574 459
652 91
377 484
756 959
702 109
811 954
297 405
784 71
998 423
320 23
858 27
966 490
955 791
959 198
119 448
313 425
463 93
565 139
608 441
139 92
523 17
855 609
586 826
958 716
168 955
713 946
26 351
659 914
287 829
574 476
586 821
678 144
542 53
862 847
128 938
603 534
569 928
198 716
412 352
759 155
146 547
242 538
998 90
252 767
34 481
463 82
394 16
240 205
625 257
731 742
709 266
542 145
784 91
856 21
987 482
736 223
362 932
242 521
34 485
941 386
709 214
743 480
287 803
931 602
153 595
103 470
958 773
606 241
884 69
103 476
481 850
858 948
676 200
217 728
228 35
176 221
111 655
603 553
354 557
445 161
402 304
501 561
858 941
536 129
254 172
168 931
320 182
875 387
242 555
642 805
949 151
716 555
412 309
247 412
625 236
553 655
607 964
217 713
539 913
359 706
481 849
949 158
47 889
823 360
854 661
428 980
254 143
640 500
843 429
693 885
212 773
622 679
756 949
662 177
303 595
217 704
501 585
839 299
884 999
146 589
948 636
322 444
377 423
676 225
636 277
467 710
709 224
254 138
79 853
784 787
380 370
12 656
755 603
625 212
535 844
119 473
603 567
948 621
535 849
34 441
322 458
716 570
228 60
941 345
501 593
48 399
125 18
619 772
21 517
21 516
539 99
919 299
922 436
839 369
159 810
44 762
682 199
840 71
314 150
549 610
617 336
673 831
387 453
89 81
237 608
277 339
465 111
564 503
64 233
839 356
227 294
278 994
267 620
469 823
569 986
116 230
18 531
911 429
431 373
831 448
254 244
83 125
850 212
624 901
632 359
316 894
551 753
277 329
156 897
939 102
532 336
547 233
203 168
429 326
539 813
314 179
634 875
253 722
804 184
742 48
197 121
459 681
422 583
632 368
890 826
613 739
717 257
59 285
387 479
342 269
523 94
932 174
704 336
138 582
627 325
383 805
920 133
743 584
726 513
198 668
544 842
195 25
402 275
546 741
472 577
123 750
812 529
244 787
434 546
902 111
741 495
832 569
34 383
431 345
62 265
307 346
395 479
394 984
394 983
927 134
387 496
927 131
316 845
316 846
682 143
191 152
404 786
995 126
45 654
142 197
342 231
907 189
124 769
123 776
634 836
547 279
124 765
965 15
356 979
48 330
818 336
472 557
927 106
83 112
431 325
648 165
823 309
432 82
252 688
64 217
342 225
587 375
434 514
402 285
752 423
152 7
475 373
832 570
336 21
900 9
397 650
317 118
542 116
34 391
98 108
252 679
729 40
697 619
979 618
650 857
290 775
635 323
409 518
539 475
488 12
356 998
460 228
832 168
188 465
729 37
238 287
984 682
995 167
967 935
50 589
937 44
741 449
950 599
624 972
832 591
977 461
9 971
92 160
179 975
257 151
571 451
53 910
546 790
94 330
153 623
995 175
469 897
973 839
425 725
647 677
986 999
800 972
193 519
158 93
489 713
721 112
438 404
797 858
191 179
882 518
107 315
770 495
775 541
397 611
549 1
882 511
359 679
599 748
539 467
789 23
284 435
799 728
493 192
560 8
294 124
697 642
539 439
920 149
829 355
63 770
314 111
425 703
288 370
708 951
103 61
336 92
924 718
995 196
263 416
801 393
599 750
777 527
135 862
288 361
629 864
118 964
118 960
447 123
926 806
219 793
789 662
766 374
19 663
940 948
668 313
739 223
1 964
780 922
324 261
1 963
296 687
495 134
393 270
210 412
906 910
868 368
812 584
211 330
290 792
19 631
950 586
120 862
870 181
188 484
760 199
617 390
629 847
583 791
739 234
757 442
619 750
288 340
827 164
324 290
745 785
414 417
19 644
783 33
294 176
894 802
297 380
175 815
66 674
422 547
367 370
121 296
395 418
144 517
786 792
670 512
310 515
532 300
629 851
288 353
135 875
296 661
538 855
865 573
786 754
111 797
558 24
200 366
428 823
165 21
321 69
620 355
366 903
428 827
721 183
405 329
837 9
372 991
801 243
955 862
405 322
985 130
675 650
556 243
766 393
556 242
442 751
691 177
107 396
662 254
860 406
509 936
452 290
153 695
416 694
344 340
719 856
613 260
362 899
721 198
60 12
405 333
528 480
982 591
556 230
950 548
675 668
729 702
917 264
247 311
894 830
685 988
991 492
790 112
998 373
185 657
711 360
219 636
362 862
501 39
4 851
362 865
792 660
292 642
332 807
305 971
553 748
409 587
285 109
987 317
844 684
50 627
246 29
272 482
658 34
248 406
310 460
153 692
447 321
865 581
15 831
447 323
426 771
405 319
328 981
372 998
359 863
592 267
985 141
660 933
165 38
285 117
477 710
948 760
797 676
826 684
959 266
675 648
497 178
39 755
650 51
281 998
554 165
539 384
292 656
676 185
344 396
823 54
213 301
675 619
774 852
757 970
487 917
287 743
416 655
248 431
967 715
959 273
775 502
230 960
292 664
380 420
171 924
653 3
599 707
72 723
806 369
711 150
651 326
209 402
719 811
795 497
39 760
622 706
719 812
991 443
721 159
125 152
401 980
586 990
836 905
176 57
34 68
911 32
836 908
786 708
379 655
442 704
351 535
758 599
456 397
533 330
745 802
748 365
745 806
517 512
589 430
842 482
757 950
363 255
82 716
217 686
60 48
860 469
37 453
489 925
310 23
806 344
82 708
558 439
489 933
134 160
657 387
166 446
247 379
914 605
894 856
231 245
675 605
240 346
964 496
866 896
442 721
405 353
670 85
37 469
827 110
60 33
80 567
28 529
5 133
426 735
963 942
911 14
860 472
867 373
892 861
313 540
87 551
375 53
240 333
252 870
240 339
69 727
814 69
946 196
119 324
946 199
489 289
600 938
241 32
400 87
606 309
574 596
434 712
533 396
752 628
854 769
549 599
867 368
640 678
982 517
982 511
852 364
313 535
892 49
198 602
665 236
400 71
987 365
146 437
132 215
521 957
736 102
504 909
241 24
124 682
168 824
244 803
805 914
903 292
532 296
736 119
79 964
428 882
731 872
738 991
902 300
752 603
686 61
375 31
346 377
346 379
757 913
384 183
489 268
634 946
936 367
521 962
267 581
160 153
910 814
670 35
781 401
241 12
218 149
400 59
892 870
673 791
313 514
405 390
687 49
587 228
823 287
466 952
823 288
522 228
70 416
70 418
862 928
76 371
477 787
333 496
586 902
21 322
930 996
332 824
481 959
551 607
876 592
616 850
250 438
946 153
613 658
814 26
384 164
865 534
914 694
156 900
18 548
215 426
640 633
262 943
521 914
133 183
784 669
958 640
83 192
982 554
496 988
437 493
383 854
757 908
341 880
244 846
343 50
538 822
717 228
466 977
504 943
790 165
95 324
215 416
245 119
337 282
133 177
717 224
538 824
516 94
640 646
370 5
686 25
141 820
842 408
111 779
242 672
842 404
466 980
244 838
342 285
762 786
785 348
119 389
146 448
299 227
46 116
855 738
536 233
46 112
640 650
836 964
125 59
711 310
738 964
131 862
842 414
244 827
738 968
332 833
98 271
720 849
875 493
14 950
322 552
108 315
967 72
200 399
169 318
235 885
434 684
307 99
919 395
973 792
787 135
702 281
902 253
412 529
653 270
709 76
197 241
237 730
335 128
923 63
613 623
546 809
544 705
717 137
124 615
342 385
16 355
12 53
326 924
425 690
262 881
700 73
539 707
608 289
21 403
527 944
19 80
623 123
262 876
726 680
920 251
997 75
349 782
261 7
196 599
920 253
831 587
973 774
163 951
215 514
612 434
210 360
960 789
872 686
98 233
98 239
141 751
855 70
8 13
831 553
357 90
503 775
726 675
429 222
726 674
62 183
625 306
858 95
770 560
244 872
71 1000
277 455
317 296
532 247
193 37
889 894
244 879
163 945
709 43
316 769
562 71
889 898
855 61
818 455
433 962
133 219
449 669
632 437
681 571
332 894
181 472
205 527
462 724
462 720
889 823
591 535
922 370
69 770
460 370
166 2
697 560
489 241
61 865
632 446
159 967
945 759
307 64
420 353
539 746
726 646
205 536
397 772
732 241
335 159
695 642
799 881
352 337
492 109
775 39
780 899
238 120
775 67
678 311
545 156
113 727
163 997
817 704
945 726
606 412
532 279
489 235
474 970
190 106
45 762
695 615
717 162
307 81
32 28
852 421
449 682
44 606
716 713
215 74
954 874
626 972
960 750
544 731
124 634
16 339
307 87
157 255
564 428
383 902
743 642
482 442
752 527
697 7
994 972
706 452
45 745
462 763
39 838
357 32
351 458
264 971
697 518
708 850
739 152
872 627
497 234
23 65
526 324
175 900
697 511
62 128
911 354
471 726
465 289
93 926
113 703
890 777
9 824
706 456
227 103
9 822
121 127
108 280
211 422
37 437
828 918
247 386
950 495
847 898
226 927
459 726
539 782
649 288
837 143
782 518
721 223
363 315
888 160
73 252
203 217
370 505
91 754
328 931
59 324
775 429
66 378
263 587
664 814
562 15
520 194
450 535
482 497
799 853
491 629
72 731
407 359
450 532
579 161
689 636
797 713
866 851
37 421
686 431
450 537
491 624
653 202
975 927
950 52
178 30
425 621
263 576
238 165
460 343
795 431
462 792
45 739
775 19
578 472
460 361
708 869
246 997
629 792
45 733
172 266
272 401
650 744
326 985
889 819
825 813
950 40
670 697
562 647
28 602
296 766
888 149
179 856
489 840
357 71
9 862
902 296
868 247
868 246
393 155
475 422
106 935
367 240
263 556
524 78
121 182
524 803
227 140
975 949
227 142
780 836
370 533
787 177
442 798
708 804
631 805
209 499
617 282
617 285
932 253
624 835
954 810
52 806
188 375
12 97
349 745
612 464
526 373
766 486
475 406
775 475
855 39
107 441
265 235
236 208
124 45
829 475
926 936
655 681
954 802
296 796
52 815
63 897
175 960
323 884
758 534
188 388
422 658
263 539
651 385
297 290
297 291
774 918
660 749
855 22
451 660
116 316
407 303
334 923
135 976
706 421
447 258
624 812
106 944
885 575
19 538
826 779
179 895
101 909
927 758
173 948
746 774
801 160
340 132
844 988
898 896
6 356
747 185
227 338
9 758
525 914
611 833
580 545
122 280
283 493
211 3
905 810
304 600
221 263
359 571
646 917
291 654
370 895
47 31
291 636
16 548
643 406
340 142
6 341
499 30
6 348
754 673
100 12
535 165
259 444
273 883
844 994
804 6
847 324
643 407
122 270
79 179
47 68
266 719
309 375
981 832
334 808
577 606
273 893
339 295
242 180
580 526
880 232
246 58
958 110
453 857
317 300
291 617
72 391
47 52
9 768
549 812
706 313
41 912
445 910
68 626
699 983
246 61
274 930
997 570
180 245
935 602
415 314
559 387
63 644
405 843
83 308
291 609
685 480
981 855
912 279
135 733
605 63
760 389
417 894
169 808
86 665
600 255
463 956
978 238
273 837
904 529
776 330
450 444
593 34
589 719
219 577
556 30
389 921
699 967
47 73
598 546
227 360
532 979
556 32
497 352
648 860
505 893
201 39
652 915
85 997
605 81
260 402
68 604
91 889
924 536
241 891
706 347
534 985
392 640
389 955
667 463
602 277
369 149
992 693
650 628
985 27
338 65
911 768
708 744
79 167
610 6
85 963
85 962
812 790
91 899
535 170
582 418
860 145
555 418
706 342
45 955
525 970
699 933
363 702
343 437
800 718
342 998
511 315
646 961
556 54
880 273
482 91
133 650
631 43
342 992
491 500
662 785
537 492
860 155
69 130
454 66
461 306
952 795
230 464
506 339
584 707
11 711
470 231
857 217
383 703
377 760
841 857
527 128
754 602
810 579
327 907
451 853
657 904
475 288
594 373
962 800
449 543
24 507
335 286
953 438
513 989
280 125
605 448
844 912
631 22
363 762
113 869
849 809
1 313
327 918
230 441
113 839
303 917
687 523
419 170
141 964
594 383
86 609
657 916
191 394
451 888
958 194
409 802
470 206
215 744
509 8
701 841
548 34
841 1000
705 113
185 95
303 902
502 387
196 94
230 439
280 148
149 548
873 399
97 261
505 879
767 159
185 99
331 464
705 116
156 572
946 616
44 554
44 555
892 108
881 500
385 396
291 695
70 100
223 791
640 488
455 379
540 525
881 502
898 858
171 346
144 819
657 935
169 883
449 514
760 307
26 993
887 451
806 611
562 109
900 181
4 271
92 337
837 593
183 849
291 680
484 773
622 486
185 74
895 729
131 693
534 916
404 9
697 470
547 472
555 480
548 42
959 32
258 758
562 110
752 188
470 252
559 333
215 707
465 57
101 924
449 531
898 878
521 59
878 594
298 883
892 127
791 775
298 885
144 833
368 475
182 870
853 283
230 494
70 128
258 745
612 322
97 298
340 191
388 542
881 531
335 221
714 419
210 139
363 791
371 369
442 628
86 34
591 830
296 482
683 964
401 424
7 246
794 429
6 326
277 844
767 113
1000 343
810 560
314 818
94 935
603 321
2 482
594 402
158 448
2 486
537 34
21 216
957 952
292 498
90 712
196 445
784 449
762 71
980 17
92 420
803 528
401 537
289 940
1 392
194 138
565 339
189 343
496 859
111 51
406 392
289 948
622 572
189 347
510 467
573 590
461 268
970 776
716 291
807 192
215 694
194 130
182 837
629 183
603 308
56 40
702 453
34 353
27 221
929 474
980 35
199 443
347 309
388 507
783 900
900 120
546 910
803 504
27 228
546 915
473 3
829 904
675 499
126 730
601 870
568 868
57 59
633 504
665 356
224 918
339 325
353 796
510 413
584 757
519 620
385 429
230 533
205 162
23 413
920 839
4 313
895 678
490 920
951 72
704 919
718 603
806 696
224 905
10 51
53 258
215 688
936 229
565 370
360 707
419 156
936 222
328 499
563 85
385 437
773 409
117 283
631 315
239 710
428 51
537 14
779 320
951 63
951 64
991 288
878 968
55 169
287 48
784 421
30 850
563 93
455 327
779 329
806 676
14 647
820 686
870 867
405 28
208 761
10 71
10 69
622 557
107 38
482 802
107 35
888 89
871 1
455 316
672 595
46 322
299 772
80 225
237 379
46 313
96 992
621 859
126 783
450 356
728 992
399 496
116 987
79 213
62 844
708 770
522 660
734 137
445 897
820 676
990 831
237 387
543 868
396 205
346 873
23 447
160 302
708 766
891 67
571 101
266 776
978 276
439 60
2 417
769 445
646 993
935 531
775 924
870 804
716 201
493 218
530 558
517 19
418 671
985 51
764 754
568 843
924 435
328 423
894 973
985 53
860 116
877 839
339 349
202 858
487 800
708 790
990 855
920 804
870 810
665 371
21 279
577 567
285 265
396 226
450 348
160 328
418 421
622 512
708 782
463 978
299 738
439 82
150 548
638 605
957 909
268 952
834 490
775 902
775 904
428 20
50 714
443 173
593 952
353 718
299 720
227 407
865 26
731 608
938 831
654 238
938 832
643 327
573 534
754 595
940 234
894 966
351 81
808 654
58 559
797 589
935 578
779 374
587 194
589 676
360 790
440 384
762 405
891 20
224 292
20 796
114 594
504 183
787 653
787 651
411 432
884 663
734 192
285 241
48 650
735 282
367 540
314 835
884 664
631 395
146 379
145 861
643 304
544 127
685 419
117 228
443 140
79 203
79 206
716 268
439 827
589 654
891 42
927 736
433 393
458 501
89 635
517 70
938 824
981 955
754 587
78 776
296 564
458 380
992 778
204 621
815 930
59 148
793 892
608 908
958 54
395 697
608 903
454 288
491 414
873 440
483 112
212 8
114 443
972 954
502 432
296 553
175 721
101 49
227 464
367 464
772 545
693 161
653 889
20 921
600 309
296 559
849 746
74 442
258 897
958 241
86 574
891 742
254 658
86 579
31 124
643 507
260 506
170 908
467 378
668 5
17 115
204 639
932 352
6 236
63 564
180 328
227 453
635 899
7 396
653 857
958 79
887 533
580 671
940 51
849 775
997 684
170 911
880 133
776 257
291 772
491 433
713 365
453 752
514 584
341 45
812 695
776 250
738 256
555 566
942 36
754 554
598 466
991 300
532 897
269 993
331 524
175 703
958 62
759 400
633 387
256 713
186 956
952 404
151 690
714 319
233 847
985 300
693 134
891 765
958 70
317 409
404 114
738 263
219 423
404 111
445 814
880 129
180 342
713 357
960 151
842 163
522 891
458 341
919 924
871 236
633 391
701 47
953 384
273 971
306 421
392 517
891 779
502 23
108 42
514 520
798 132
540 243
151 214
852 714
449 491
454 246
404 164
497 463
169 909
808 581
803 3
294 219
6 286
787 495
63 518
223 808
769 354
445 830
156 411
467 337
151 227
582 527
708 634
275 367
167 436
877 999
10 136
142 347
458 367
653 896
193 890
156 409
511 228
472 147
135 617
842 147
772 517
136 166
83 423
935 734
708 604
89 691
392 534
860 247
662 898
560 292
443 201
86 548
269 948
958 212
174 69
221 105
449 470
648 990
600 379
978 116
300 128
981 960
958 20
92 296
701 52
978 122
342 855
701 57
923 781
800 618
547 36
919 936
300 123
89 680
873 414
219 466
314 693
273 961
392 548
275 386
905 964
985 346
10 114
186 919
760 282
102 285
904 414
97 138
24 417
335 374
609 237
275 396
928 8
559 413
189 163
557 930
497 424
189 167
887 593
1 445
810 478
594 496
559 414
844 800
841 951
565 280
3 943
644 14
317 494
461 414
673 992
149 422
540 479
2 86
721 858
657 802
800 631
657 800
878 443
845 527
673 998
403 4
557 948
83 457
563 57
557 944
174 523
767 278
705 238
898 965
151 624
277 763
102 271
604 83
4 123
304 569
78 709
385 473
34 174
167 404
938 35
430 363
701 746
678 604
802 939
127 20
791 672
944 404
952 474
549 788
133 760
997 606
356 168
701 20
169 961
760 223
726 886
721 836
813 154
746 801
647 196
721 837
279 403
142 367
451 732
101 872
502 486
549 792
647 199
460 666
433 425
537 359
405 935
146 83
498 21
759 481
657 833
442 519
475 134
183 753
944 462
210 263
337 977
791 655
519 679
946 757
258 865
16 433
939 235
258 861
928 104
505 704
952 451
738 239
388 426
824 966
705 269
131 530
972 915
989 782
640 358
191 220
249 564
291 780
249 565
658 334
988 325
570 240
701 772
3 998
959 940
767 235
163 718
776 297
662 812
371 456
335 359
946 737
262 772
701 789
904 480
417 932
277 730
547 346
555 597
887 571
952 430
178 7
171 471
315 126
9 660
557 964
997 630
483 168
454 297
873 497
430 395
540 412
628 875
483 171
702 386
671 931
301 899
356 114
671 934
341 73
210 283
179 501
810 425
158 527
218 405
183 791
621 910
938 91
131 628
715 882
301 912
652 778
878 880
324 939
496 762
464 312
328 381
902 890
904 34
920 766
780 141
485 241
780 140
2 355
480 567
823 193
196 340
159 13
990 906
936 169
825 233
628 762
902 880
955 107
815 41
845 589
718 758
665 432
729 581
895 520
53 100
189 237
30 718
946 649
244 909
37 105
584 675
351 870
426 101
199 347
973 145
988 311
603 210
878 895
324 901
762 567
638 7
615 632
622 454
852 697
491 16
312 578
617 961
916 625
504 229
354 348
34 209
21 111
347 233
262 824
878 849
675 346
487 729
943 755
339 417
215 543
837 548
328 359
124 135
547 282
707 98
806 557
592 42
476 598
127 148
230 646
58 42
485 214
334 687
779 436
813 181
579 833
46 208
782 8
837 516
623 9
411 376
41 774
316 931
870 715
803 610
58 78
568 743
995 733
353 679
262 803
696 884
344 193
351 834
127 172
943 727
487 711
461 350
794 598
53 139
823 133
665 469
870 720
687 707
27 329
957 803
177 730
779 413
215 562
230 663
230 661
893 158
893 159
415 182
37 135
584 623
139 635
724 689
17 192
564 60
287 533
877 959
600 268
380 49
117 374
180 400
493 332
237 477
509 448
445 756
552 608
547 13
871 206
877 950
407 90
351 823
99 503
519 42
600 279
501 704
50 829
672 675
80 331
454 204
600 273
924 309
479 907
555 611
30 783
895 578
111 133
418 549
835 143
895 574
20 899
515 29
79 360
33 734
860 216
160 434
877 977
346 988
530 16
509 469
328 322
148 596
708 658
124 150
580 716
930 367
109 964
209 307
76 52
577 418
524 949
630 962
41 739
20 866
643 487
421 416
458 432
878 817
646 879
266 896
552 615
440 452
874 10
672 698
445 763
418 789
354 357
621 960
58 14
912 193
160 430
135 651
949 747
225 147
33 795
266 865
193 812
82 980
127 338
153 786
603 13
990 938
150 610
884 543
754 494
726 85
239 675
204 555
735 163
175 645
589 762
207 265
699 772
314 720
26 38
448 926
299 811
58 456
202 767
519 95
532 923
212 61
490 869
312 519
180 429
227 557
626 377
63 589
202 760
998 133
787 523
450 275
109 955
207 298
383 596
509 426
114 496
396 110
347 299
148 554
55 227
919 891
76 988
754 476
305 77
560 336
919 898
652 750
194 216
940 16
936 186
312 531
808 530
693 221
374 633
50 842
535 116
89 992
283 568
202 742
76 973
14 700
643 451
938 963
626 398
2 334
359 371
149 338
274 728
68 852
36 522
882 211
611 638
678 526
211 782
398 914
204 961
761 957
534 761
754 887
421 163
721 581
484 929
282 995
395 752
746 964
497 598
746 968
149 321
678 518
833 938
398 926
794 21
314 570
990 633
764 44
555 645
653 542
282 986
953 239
407 79
190 21
629 409
841 645
600 477
547 602
443 304
314 560
403 990
390 124
763 2
454 368
242 380
742 734
87 195
76 915
414 71
746 994
656 251
133 423
104 28
618 218
841 631
283 267
133 420
791 944
418 297
776 127
283 284
86 899
474 553
404 295
430 219
410 962
467 213
629 420
167 310
204 959
706 113
534 733
72 598
573 711
547 611
216 34
610 175
401 265
833 902
260 610
180 451
359 333
410 970
612 108
714 206
911 505
759 512
224 666
74 532
511 144
847 571
670 218
234 200
892 393
990 688
965 531
532 781
962 641
270 143
436 102
270 145
635 782
260 605
436 107
68 881
223 902
449 381
418 275
76 942
295 920
608 816
960 240
458 279
772 686
408 49
171 543
596 556
89 365
647 241
878 398
742 774
514 444
577 842
68 876
795 23
687 365
643 638
960 232
16 752
458 269
408 19
769 268
927 538
340 392
667 666
171 571
173 723
721 561
667 668
965 512
282 977
669 950
935 848
335 421
935 843
972 841
618 260
847 548
630 904
714 217
940 377
155 908
714 214
173 714
862 397
89 388
678 576
898 688
277 614
562 346
369 321
914 156
107 712
324 787
511 182
174 814
234 41
284 836
997 765
665 628
675 272
962 611
898 619
199 55
921 596
852 894
640 241
184 282
174 820
377 955
738 346
337 887
506 124
401 201
92 571
628 995
92 573
988 223
101 711
349 432
391 954
31 425
738 343
913 899
258 981
179 7
131 411
296 249
368 230
822 686
422 268
391 992
514 480
570 369
746 915
985 611
424 308
304 421
335 451
813 221
484 986
11 930
731 377
259 211
674 765
800 546
784 273
184 248
296 250
99 144
697 41
444 24
810 327
173 752
992 865
174 847
870 699
280 343
250 198
321 854
766 866
86 815
906 536
944 116
485 289
988 49
99 135
724 364
304 449
26 796
324 743
911 580
705 325
909 650
296 267
43 761
51 234
259 273
139 678
318 925
139 679
868 24
391 920
169 606
259 272
258 952
214 883
356 276
602 487
594 123
784 291
131 488
99 150
806 801
296 257
446 267
284 860
99 156
744 160
391 918
946 804
291 485
841 608
459 976
169 619
291 487
376 970
988 254
422 222
249 493
230 201
428 560
705 340
219 394
86 841
94 762
852 870
11 973
280 373
430 268
385 578
385 579
701 606
92 597
580 384
825 623
363 502
914 144
51 269
762 276
810 364
640 283
99 171
779 526
415 156
898 606
284 882
803 230
199 719
953 218
674 793
476 845
523 211
250 134
982 339
334 531
299 564
672 62
166 900
351 710
455 546
930 685
895 446
734 599
665 595
424 251
900 350
124 225
619 43
584 505
324 825
712 954
339 550
907 59
455 536
921 518
977 803
191 603
216 176
729 202
957 80
485 329
418 871
2 270
324 87
292 273
743 151
342 23
325 207
705 432
594 230
39 368
820 459
731 429
918 30
426 253
409 77
342 20
876 129
734 571
625 934
339 547
191 615
23 628
19 205
101 765
33 840
918 35
796 899
266 596
43 865
779 557
376 931
493 430
409 68
188 814
20 5
487 617
762 228
908 767
495 96
191 626
552 902
796 841
183 646
115 31
43 811
876 108
442 446
249 95
949 470
497 18
105 745
751 277
436 28
38 872
619 88
457 861
672 23
535 10
506 167
457 867
675 234
249 81
806 891
797 384
282 45
808 858
797 380
640 202
406 156
734 65
202 666
827 609
907 21
535 24
544 352
188 91
426 227
743 193
199 42
299 583
902 773
11 901
584 539
459 916
459 913
324 812
820 494
245 556
4 528
684 977
718 894
792 333
426 212
641 272
543 686
496 639
995 645
351 787
995 646
796 853
906 566
944 146
780 494
360 521
584 529
189 567
105 732
39 394
764 908
868 712
292 217
764 906
28 146
977 71
806 878
869 71
633 340
795 176
2 203
630 883
633 348
111 202
135 581
20 547
397 20
378 228
573 772
445 694
708 573
127 432
167 296
565 522
319 427
741 991
186 981
403 938
378 219
110 943
267 289
638 423
491 365
643 575
405 680
959 595
397 14
496 658
285 487
544 362
977 858
328 623
632 811
993 356
656 305
96 732
48 892
793 741
133 378
188 883
437 954
970 96
785 14
968 951
235 69
447 49
114 351
313 176
319 402
742 689
656 307
127 451
565 502
194 326
841 592
819 756
146 121
367 791
450 151
367 794
522 494
884 433
145 631
256 56
535 456
79 442
584 568
12 209
114 360
650 463
509 778
285 469
650 465
741 959
41 7
175 309
294 553
55 384
714 272
440 561
237 134
398 966
399 255
829 737
579 500
299 527
532 817
340 411
20 514
395 830
630 830
797 309
95 26
445 644
216 139
145 657
445 641
20 519
875 902
712 918
266 531
856 725
552 976
266 539
535 437
750 933
269 903
750 930
835 253
48 854
643 587
491 396
54 915
294 535
188 841
664 57
282 91
342 714
692 841
367 740
164 106
96 771
328 661
227 626
457 804
12 235
23 673
558 794
526 869
872 20
672 328
347 154
121 855
712 931
625 966
20 536
820 402
713 660
33 887
12 242
233 576
392 434
12 247
525 775
970 952
48 839
249 28
764 981
112 42
83 641
611 738
374 330
959 771
224 569
275 113
388 271
11 79
340 472
369 266
62 598
166 30
927 454
72 86
972 768
962 548
390 258
306 674
962 542
881 812
282 894
698 65
42 306
698 60
648 760
759 626
974 157
86 776
952 628
911 638
953 135
294 455
749 164
968 794
343 799
135 406
472 390
972 730
69 224
87 298
72 51
374 359
443 444
618 352
167 204
483 335
275 137
294 495
142 580
16 612
834 310
85 860
7 191
298 906
31 372
772 757
549 902
89 453
319 378
204 844
166 52
927 436
611 769
873 657
335 527
314 450
359 265
306 653
685 580
317 689
275 146
750 9
443 455
85 876
759 602
275 149
911 654
229 520
309 222
458 116
346 825
763 30
512 134
78 523
564 827
403 831
85 888
580 401
405 740
699 610
972 710
525 816
626 572
6 499
514 327
26 611
562 202
369 222
596 463
283 365
537 172
418 371
229 505
374 388
112 92
968 758
866 390
260 741
843 64
272 85
216 326
83 613
534 894
282 845
251 881
499 777
69 293
549 939
1 618
878 293
959 790
762 7
453 996
843 50
923 996
113 9
932 595
83 626
965 653
643 771
369 242
403 857
269 740
960 375
359 220
467 151
454 492
287 237
254 438
275 108
579 580
609 406
114 210
892 495
758 994
241 953
875 859
421 256
282 825
989 967
658 156
512 170
952 646
282 826
342 653
904 263
505 942
16 679
215 821
847 471
939 474
898 752
61 80
351 593
506 274
960 314
241 920
182 988
183 510
335 575
578 80
602 558
252 336
578 138
199 634
487 569
887 305
777 207
580 460
179 762
458 178
363 425
665 735
780 457
214 781
929 789
337 741
875 879
319 91
997 897
191 463
578 95
674 872
215 817
849 977
356 361
701 542
549 989
179 735
955 368
179 736
549 988
298 983
369 77
902 582
269 58
800 443
906 422
230 387
622 136
476 775
209 194
92 451
92 450
767 491
1000 243
174 703
169 777
562 233
729 264
920 549
296 338
738 466
957 518
738 465
803 331
647 395
269 41
773 6
674 894
578 168
683 819
954 26
992 932
574 24
715 16
4 370
174 758
368 312
430 151
215 867
504 439
904 229
502 273
497 662
385 696
841 716
866 302
280 250
219 278
35 111
262 516
881 843
886 477
331 341
376 865
887 346
376 863
181 32
234 174
27 194
825 502
4 365
837 698
780 419
249 369
911 678
904 235
777 245
107 841
349 336
957 573
325 403
687 412
51 141
69 211
112 12
174 734
909 775
973 428
862 400
174 739
453 916
229 573
169 720
578 63
280 230
570 423
504 411
359 292
698 72
72 665
43 883
184 109
740 119
615 919
738 424
959 727
26 660
506 201
214 764
997 837
622 167
997 831
86 751
324 639
803 370
476 740
426 1000
954 19
101 653
570 516
46 454
368 14
80 125
304 270
723 924
729 320
665 699
675 55
705 557
887 260
677 620
792 253
124 361
253 17
641 197
292 387
239 847
126 859
784 317
442 353
440 639
23 746
585 174
822 720
39 230
734 481
126 852
921 658
110 883
440 640
385 782
991 190
399 337
419 288
982 217
139 888
334 410
724 455
367 603
909 847
865 962
878 620
909 843
909 842
900 479
239 854
457 942
792 237
80 154
399 348
139 872
396 88
482 906
718 969
188 950
533 51
909 856
737 741
594 315
705 525
202 580
921 637
792 248
692 732
740 169
750 880
568 565
650 373
79 517
914 309
837 738
218 646
368 387
124 320
812 920
594 302
533 87
356 338
594 304
957 618
139 827
737 794
909 825
675 12
80 171
553 300
944 266
558 843
182 944
748 866
775 868
4 419
422 193
195 801
442 318
750 874
949 564
701 560
420 739
870 548
422 187
380 930
424 108
870 544
544 213
39 276
105 867
482 956
208 833
825 440
44 104
565 440
442 320
285 573
868 96
127 591
183 531
806 768
94 23
697 157
218 623
360 640
665 670
90 835
158 324
541 150
712 39
665 671
71 941
585 148
339 647
870 510
53 346
837 711
615 877
440 618
189 461
780 393
930 517
468 217
845 359
506 299
884 374
14 504
188 911
947 181
602 533
283 312
111 348
77 255
63 355
716 375
54 830
293 53
829 832
629 264
208 818
20 681
166 881
708 479
287 333
89 519
819 871
716 385
632 945
787 764
629 279
977 746
383 327
180 676
747 407
180 672
266 630
148 764
243 5
236 778
467 165
317 616
287 324
460 901
155 807
608 738
631 295
491 253
629 246
793 608
835 18
970 862
509 668
699 567
222 981
526 722
808 763
477 276
121 914
267 182
704 17
643 699
110 828
145 731
461 193
522 598
111 319
378 332
723 994
76 739
577 626
577 621
233 630
713 561
251 941
730 89
353 846
552 895
449 195
312 773
477 283
135 449
227 31
921 608
312 728
343 755
895 345
541 53
12 359
127 531
258 48
577 670
443 471
299 626
923 23
900 416
328 540
274 773
977 770
383 379
895 339
109 759
312 717
908 686
930 574
544 293
242 335
378 399
522 577
675 87
144 51
354 139
993 204
188 971
295 980
501 949
398 851
577 688
985 491
167 188
632 905
747 478
835 58
175 424
491 295
993 218
685 544
117 113
972 661
79 574
526 768
968 810
224 372
374 446
117 118
577 656
827 570
519 948
323 97
730 57
708 418
312 741
24 192
674 905
755 250
716 320
445 527
160 670
145 770
930 592
579 613
443 486
340 520
496 578
224 365
79 584
408 912
5 32
891 915
218 692
454 425
910 17
693 429
716 329
972 654
218 694
228 955
75 234
951 472
893 644
68 243
105 466
641 447
753 961
663 679
68 247
81 990
243 82
740 222
361 573
163 411
265 42
138 950
243 90
737 73
737 708
840 963
484 329
857 699
880 650
131 57
523 426
238 794
714 840
52 226
81 16
199 985
184 474
152 213
439 454
368 837
737 711
782 95
74 724
105 443
105 445
81 28
424 511
229 222
302 437
369 510
6 766
33 192
218 923
254 942
254 947
369 506
607 155
554 766
981 432
981 434
368 822
81 968
125 603
442 47
996 879
815 655
569 232
519 105
576 909
570 578
410 781
989 400
341 290
676 937
969 562
457 549
886 51
138 912
773 914
719 237
989 403
442 14
733 445
280 558
760 794
880 691
265 13
857 658
514 265
553 56
553 57
886 62
773 928
833 781
289 500
368 881
347 847
676 944
175 179
348 339
77 843
916 319
955 56
89 178
513 533
916 316
807 929
487 435
279 717
900 58
807 925
368 93
315 24
663 699
590 209
957 411
240 946
273 467
639 246
315 20
724 65
815 627
423 665
289 537
423 663
302 478
368 872
424 555
311 875
576 922
513 524
896 356
916 347
301 554
838 673
8 609
391 748
403 353
149 996
639 239
764 268
35 279
878 111
457 21
740 258
486 907
173 520
981 471
208 365
229 279
610 340
332 377
378 423
978 685
332 379
474 380
162 948
849 401
234 432
2 922
807 979
483 492
239 257
123 137
722 642
381 242
903 817
352 861
557 645
962 406
280 522
461 710
82 75
163 487
849 410
627 861
282 711
319 299
925 359
536 840
130 527
160 702
759 756
406 723
331 866
508 790
699 507
536 817
308 630
669 714
301 593
260 869
443 516
287 135
785 918
382 650
317 776
547 880
783 584
490 114
990 462
974 28
898 437
824 482
503 282
396 742
859 168
934 747
396 747
813 421
40 234
916 371
264 425
150 155
783 590
264 420
308 629
282 745
942 211
239 298
707 960
786 109
786 107
785 934
205 70
199 932
572 827
373 813
98 837
396 759
996 867
381 289
614 856
251 772
484 9
99 753
557 688
722 699
925 392
33 141
88 822
751 15
862 169
446 471
81 59
317 793
990 404
395 997
115 275
40 250
552 379
939 89
55 618
99 762
972 611
195 589
415 740
997 121
490 579
358 615
845 842
761 727
636 879
162 927
937 927
441 175
609 543
379 193
593 457
753 941
481 393
243 22
581 292
845 849
449 120
82 13
596 788
100 810
807 985
735 677
643 833
203 894
680 21
643 831
127 726
547 849
903 864
753 930
759 737
878 193
552 351
43 54
568 74
33 167
910 133
82 27
650 202
320 792
189 745
181 913
808 216
628 267
646 515
547 822
754 164
717 971
358 527
707 939
486 62
506 52
305 420
10 718
157 926
10 715
808 207
724 939
126 302
10 712
988 826
974 91
974 93
849 362
27 651
651 980
937 947
874 466
481 366
715 382
812 78
874 463
707 925
27 655
703 136
415 721
206 662
900 527
99 864
810 917
408 816
212 495
940 649
46 768
495 943
358 540
988 815
366 21
436 274
633 993
203 978
567 989
666 614
402 941
651 998
255 259
771 763
364 608
565 718
783 508
109 620
115 268
297 905
220 887
317 700
264 399
386 316
427 605
688 387
625 731
115 261
712 700
367 986
703 151
717 966
798 506
96 539
771 752
565 709
364 614
187 452
707 946
468 19
86 267
508 689
203 918
398 753
408 831
55 573
853 704
327 543
565 779
248 991
153 57
241 350
216 336
446 510
27 601
717 936
717 937
560 688
86 265
88 785
627 955
55 585
246 483
722 605
373 773
935 100
871 544
216 342
63 256
364 637
585 225
827 59
495 919
746 321
807 544
10 782
708 342
10 787
744 432
905 478
42 717
904 943
567 940
379 40
30 466
333 850
932 893
707 915
874 475
495 909
419 537
38 663
974 311
327 579
142 980
155 705
385 805
543 415
408 849
935 120
630 662
525 569
771 710
935 124
365 144
808 93
47 283
821 578
694 819
774 335
511 820
229 172
791 283
178 524
935 131
537 887
448 381
236 672
791 279
25 325
348 413
286 735
434 3
367 938
307 973
708 367
569 146
646 588
38 636
760 759
13 647
3 334
819 944
905 263
537 877
178 515
684 710
630 684
568 424
236 684
358 599
886 94
51 883
51 882
325 465
336 178
57 610
240 886
701 444
391 795
135 399
611 370
652 426
576 831
724 982
135 395
229 199
370 47
883 726
935 152
297 978
385 854
886 89
334 366
333 813
585 261
220 817
644 295
559 706
740 291
389 586
665 770
684 732
527 518
705 638
527 517
630 1000
285 676
749 929
92 878
129 720
493 619
403 269
797 192
142 92
530 907
760 706
122 757
142 95
868 975
191 844
92 864
805 91
20 398
628 223
442 255
869 261
468 82
869 267
189 782
161 217
155 752
796 638
225 659
912 711
228 902
569 182
174 275
138 872
3 372
75 271
75 272
122 746
39 100
254 918
909 965
573 133
484 253
131 24
834 90
484 257
254 916
266 324
540 937
791 244
155 765
880 607
774 394
905 298
598 195
652 461
537 825
905 292
120 183
993 527
628 202
633 950
561 137
660 62
940 602
543 481
570 640
302 507
951 581
142 916
830 531
548 295
206 620
142 913
138 856
791 270
51 863
186 333
834 64
491 194
330 987
122 765
883 770
796 660
770 148
770 147
541 207
570 636
677 507
297 947
373 915
35 369
497 892
318 816
788 601
325 645
484 439
784 186
790 915
824 537
879 519
981 549
134 719
406 89
973 95
285 827
376 61
680 124
348 271
1000 891
674 686
749 775
880 510
9 253
381 175
973 99
43 662
652 391
793 84
384 50
879 529
125 724
17 516
174 128
289 689
350 54
448 564
575 248
332 200
474 411
944 892
90 289
951 595
684 477
280 480
714 719
105 584
131 123
339 807
308 572
928 794
174 981
928 795
245 857
289 670
242 78
942 131
891 354
474 421
24 877
519 258
230 108
756 428
513 617
439 565
273 597
24 874
192 223
960 18
627 63
923 350
778 625
649 924
915 909
784 142
260 943
223 400
83 27
17 552
295 175
421 916
252 105
497 851
866 50
816 294
334 278
916 221
679 563
369 435
602 782
353 180
868 906
3 512
698 985
245 870
413 158
347 758
614 924
633 59
694 752
476 995
424 420
168 155
862 225
14 369
986 448
339 819
610 469
568 224
633 23
715 509
514 133
830 367
389 409
334 258
674 655
893 569
261 913
696 484
593 398
382 505
550 345
610 472
822 115
413 133
214 568
740 390
245 899
793 15
522 15
289 632
106 439
268 682
986 475
833 653
6 667
806 964
341 185
106 422
540 882
597 541
83 51
252 114
315 590
857 775
725 9
967 296
29 783
477 419
667 55
735 520
474 482
666 684
803 194
60 393
752 56
304 993
396 615
983 980
265 971
366 8
728 370
139 143
60 397
246 301
990 583
754 101
214 570
311 966
529 125
417 517
143 547
128 314
276 14
352 955
885 78
415 681
508 665
187 26
396 629
262 357
609 638
60 389
246 318
490 431
503 162
733 366
295 809
990 555
550 306
386 141
841 560
547 795
332 258
877 573
621 452
379 16
945 108
2 801
811 396
593 358
128 323
8 758
55 786
265 990
212 323
130 630
32 844
581 153
557 524
446 309
903 937
436 227
148 39
946 65
89 256
581 158
260 980
877 582
150 249
143 525
808 172
765 282
379 23
764 363
609 655
904 846
910 273
2 818
270 273
117 857
618 586
262 394
877 510
84 361
179 122
609 660
251 681
707 868
55 725
148 132
490 465
572 963
609 662
503 133
396 657
123 76
127 853
811 339
373 957
974 398
474 433
857 728
596 662
310 159
525 11
525 10
195 695
335 733
443 666
506 68
808 118
109 552
42 557
503 123
788 655
234 351
621 493
661 44
479 474
332 297
615 280
843 894
910 248
251 651
99 879
127 832
803 172
788 662
519 293
677 396
301 482
654 645
596 644
446 358
159 221
13 67
722 575
767 649
131 162
410 810
960 53
740 317
903 966
340 684
476 936
396 648
508 602
891 315
890 16
16 848
699 330
506 917
794 180
690 574
232 222
266 439
526 997
932 737
137 181
89 311
432 587
356 500
913 288
480 962
187 327
3 283
32 770
212 382
115 386
120 243
221 99
246 387
300 88
10 614
96 656
703 273
854 146
47 367
175 209
294 653
236 507
654 530
86 171
20 405
189 624
442 178
547 707
187 89
557 471
170 517
203 838
690 550
916 197
593 403
63 164
220 797
10 603
851 65
477 489
704 1
282 675
947 343
502 818
669 645
785 967
715 498
187 81
690 548
948 118
189 633
11 166
481 250
905 526
331 928
99 950
765 338
305 300
43 69
189 632
498 190
718 356
2 760
96 631
335 849
615 240
419 404
340 781
874 348
771 616
126 253
592 993
142 878
605 195
114 50
534 582
618 611
480 924
954 278
935 230
728 445
385 924
23 112
10 657
119 978
871 645
646 440
737 598
646 446
480 937
294 619
925 563
255 109
839 903
525 677
27 719
10 648
430 726
669 683
994 62
427 713
427 711
585 354
255 115
776 737
317 831
419 434
46 619
794 197
527 604
411 87
29 899
841 490
411 85
392 60
718 327
650 114
634 171
23 137
241 233
828 409
419 443
238 929
735 40
962 283
650 119
195 618
834 166
947 390
160 883
869 319
666 785
871 666
135 223
874 387
27 736
993 494
728 436
621 531
933 292
137 164
184 10
206 701
423 634
98 42
611 490
71 715
427 13
644 166
737 566
694 716
747 3
784 113
800 220
548 130
292 103
800 239
106 339
905 364
424 56
206 718
884 101
900 28
884 105
424 357
708 273
71 721
268 667
321 112
994 11
540 873
192 171
241 298
101 456
773 938
292 113
905 366
650 135
424 87
178 406
155 680
610 566
110 223
184 34
913 221
935 252
268 652
36 282
708 240
701 345
1000 832
540 840
391 885
52 182
221 20
540 842
951 643
236 552
540 843
298 267
692 540
553 28
618 608
368 160
833 693
3 451
392 193
618 600
976 16
184 27
688 445
221 30
421 819
236 568
729 105
602 769
835 515
134 775
487 69
305 387
523 275
650 158
90 203
51 760
207 654
537 708
846 220
774 273
794 139
778 607
617 53
3 460
138 983
206 58
744 395
186 451
149 67
266 471
705 780
225 554
155 657
866 502
994 111
134 769
730 121
129 807
295 787
715 441
956 786
988 720
207 678
174 159
75 132
439 537
90 268
312 125
800 276
994 126
286 865
315 660
442 102
256 2
869 373
987 802
683 680
701 386
658 765
712 832
794 111
610 522
649 849
777 10
677 21
453 394
480 992
106 389
881 228
52 145
24 833
442 131
507 195
213 979
929 165
213 976
47 343
940 512
802 445
330 881
173 698
206 778
175 224
774 263
815 487
192 152
951 679
744 365
298 217
120 265
52 131
170 567
895 967
118 201
671 814
568 108
423 887
388 777
610 597
575 136
912 442
734 991
190 879
610 596
901 241
864 175
519 346
559 567
961 756
334 134
68 444
663 478
228 756
921 105
778 777
662 926
791 521
155 487
273 686
698 876
581 479
644 504
49 970
895 956
581 476
555 239
3 644
580 97
580 96
714 643
864 165
947 705
43 329
659 193
584 901
17 223
43 322
824 621
778 783
537 685
152 488
734 970
677 222
644 537
988 687
49 983
424 796
916 103
214 423
457 320
857 442
145 190
554 958
813 695
765 196
168 271
279 506
778 792
270 565
305 165
879 673
68 429
912 468
990 261
961 773
516 194
961 771
118 228
734 985
847 113
637 80
493 947
963 196
317 34
455 151
315 251
802 838
590 439
167 703
317 30
295 280
118 218
493 941
986 151
448 676
112 335
208 550
684 552
357 147
846 176
969 368
28 14
774 189
276 177
389 723
774 188
778 736
407 152
152 438
286 442
171 81
523 675
461 557
523 679
867 183
484 573
208 543
928 202
658 444
357 137
888 887
555 279
251 595
703 42
55 817
223 510
286 451
35 453
824 660
24 757
680 227
921 150
846 153
703 19
847 141
316 8
233 909
369 753
171 65
506 584
182 680
448 692
791 591
357 122
888 877
439 697
607 382
590 407
749 652
859 329
700 792
151 731
323 131
722 471
581 413
151 737
174 490
285 948
749 658
97 27
559 534
84 216
891 684
41 51
417 663
605 240
361 369
99 514
10 478
964 699
150 322
759 964
861 848
974 490
764 455
194 743
11 527
718 399
410 85
331 687
245 935
877 651
877 650
978 482
241 625
580 747
72 107
516 140
72 105
104 960
734 923
42 894
335 879
436 533
637 13
623 881
282 514
33 380
95 938
125 869
3 69
470 423
150 329
403 503
84 247
516 112
84 35
195 317
669 510
148 255
241 656
684 177
764 439
896 199
824 699
944 513
813 619
335 869
942 471
378 649
10 490
490 302
746 518
305 5
417 676
84 49
195 329
861 879
722 433
595 868
799 208
638 929
410 57
916 179
807 747
680 293
732 948
611 11
813 624
130 790
112 368
765 178
685 268
109 443
639 466
43 377
942 417
42 845
662 969
957 276
453 648
117 514
934 996
813 671
281 25
997 315
605 289
42 848
813 677
490 366
916 127
228 791
350 292
108 957
722 403
216 663
989 604
96 355
560 375
685 279
43 364
605 290
99 567
278 180
798 676
304 840
173 15
609 774
813 685
332 147
595 882
841 218
29 459
722 413
691 923
378 652
638 909
96 367
896 145
770 5
126 64
713 259
713 252
770 2
430 650
911 955
928 270
857 402
441 376
503 84
605 264
464 1
8 899
105 289
382 883
368 678
433 129
941 227
477 549
858 123
502 554
233 973
713 266
415 568
763 977
126 79
506 512
605 279
43 126
662 990
86 449
130 746
40 472
364 86
642 75
767 785
534 300
83 940
935 332
396 490
820 860
433 179
869 424
160 990
618 756
255 474
108 988
585 473
974 545
744 651
33 427
918 317
163 296
58 319
299 955
386 564
619 142
340 849
241 585
545 868
117 440
552 536
545 878
890 954
560 458
567 738
739 810
548 468
33 415
923 708
744 646
724 733
567 732
548 462
464 99
320 982
23 259
239 564
446 772
705 825
718 467
886 822
585 453
630 412
400 124
799 161
776 634
869 400
299 936
542 913
246 231
408 612
126 138
708 109
736 936
903 56
433 169
365 389
925 683
86 493
582 132
299 949
652 612
573 314
897 896
928 812
264 111
983 782
694 82
724 712
264 117
538 2
224 89
60 111
436 485
147 901
23 235
525 323
496 208
918 343
552 527
768 116
735 450
400 140
110 509
871 337
905 650
257 972
521 184
903 80
596 968
703 361
841 174
187 222
431 216
396 440
386 521
225 457
237 54
220 672
481 143
127 866
858 183
417 698
742 274
333 678
83 917
771 979
773 674
908 354
900 795
965 128
669 537
965 126
771 974
23 210
742 268
965 129
117 471
178 360
220 668
246 282
694 36
204 460
877 600
633 757
2 633
251 40
633 756
813 705
760 926
204 469
621 624
189 961
463 732
509 335
580 803
767 702
808 437
394 197
796 455
268 8
170 855
494 312
683 376
326 149
534 250
159 114
365 349
335 948
595 816
861 948
398 504
299 980
688 142
336 352
718 494
619 194
974 595
444 201
588 26
509 328
851 115
42 908
464 277
798 741
628 465
579 932
498 412
624 192
690 233
279 559
929 294
468 530
608 33
140 712
6 956
173 345
778 705
864 200
658 400
853 547
658 402
819 85
209 44
295 437
646 399
432 801
939 972
208 515
73 945
633 749
828 123
988 626
298 575
733 605
285 895
223 18
774 145
864 217
27 456
143 179
739 896
27 452
129 900
295 445
486 773
257 943
65 158
749 730
285 868
866 623
869 481
20 177
36 188
580 38
630 498
143 187
357 152
778 726
576 635
628 447
708 185
386 514
208 539
147 982
71 642
353 573
566 219
828 149
696 506
315 304
285 873
347 599
281 110
739 48
341 105
965 147
580 29
187 258
51 621
819 90
77 539
838 33
832 25
190 932
724 791
484 480
993 758
602 820
110 519
802 782
690 236
348 652
963 218
906 103
961 662
888 806
881 306
615 512
498 459
281 181
9 94
770 356
835 647
760 982
494 383
573 344
718 407
13 873
145 255
645 840
705 846
939 936
110 589
800 139
90 565
545 835
90 563
353 597
972 385
353 599
391 517
129 945
20 107
582 191
907 882
981 247
388 734
824 713
36 150
580 49
961 680
708 145
339 970
972 395
972 399
9 72
411 248
701 205
821 354
965 193
243 880
833 563
276 202
388 746
206 823
698 930
624 121
58 385
281 158
347 559
328 268
530 712
724 756
5 950
168 192
582 166
701 217
531 206
257 923
776 604
774 129
255 423
886 870
388 757
816 37
255 424
161 472
439 611
457 400
67 872
610 653
3 758
988 565
368 757
229 148
644 412
183 991
457 446
391 619
129 67
109 384
223 73
110 360
766 25
415 470
315 384
607 235
810 670
310 313
168 398
1000 695
761 453
917 133
988 570
13 976
639 597
389 676
173 402
310 317
129 56
17 327
880 317
477 623
110 370
81 881
368 749
403 475
864 41
365 54
229 127
105 309
853 376
822 355
896 217
152 362
557 724
57 927
1 230
369 691
110 376
151 809
698 763
295 396
116 89
833 415
283 89
17 338
139 369
455 263
893 328
541 504
953 524
77 725
993 703
607 256
490 296
555 357
929 339
833 428
597 787
815 751
519 454
134 900
985 995
985 992
105 315
57 940
298 505
756 229
468 749
698 786
953 574
479 693
822 376
56 216
674 430
830 183
128 141
138 815
128 143
824 775
184 570
174 369
533 997
896 202
828 192
223 618
985 934
261 12
559 654
314 61
13 928
684 246
551 52
165 905
537 584
845 741
270 416
677 121
942 374
223 622
314 94
590 305
527 491
725 481
541 543
308 338
75 355
13 919
180 189
969 486
173 424
58 191
644 427
251 472
913 70
171 277
810 695
138 841
1000 679
14 101
901 177
224 947
961 829
81 861
904 686
406 432
607 292
140 916
891 599
740 598
180 179
221 304
51 596
389 617
182 529
461 14
298 541
492 855
996 962
335 985
935 522
118 1000
972 1
373 715
552 483
463 803
345 73
735 323
941 141
500 220
278 246
278 247
722 305
545 698
216 762
879 713
913 84
604 624
850 970
996 954
335 970
443 90
261 59
593 588
808 355
545 680
189 88
552 481
667 341
509 130
545 689
186 77
278 236
745 903
565 920
905 725
722 329
605 360
808 369
465 1
805 214
898 347
705 97
358 724
335 996
216 736
148 383
557 798
542 972
128 131
72 229
350 118
167 688
448 747
582 311
318 603
168 332
588 306
957 127
536 923
831 60
788 448
845 91
502 665
502 667
109 341
99 696
896 277
331 740
820 931
754 336
137 343
14 153
368 796
43 252
641 70
165 985
408 417
10 345
581 81
443 860
506 636
114 685
908 281
265 729
171 209
947 600
415 444
619 128
996 917
896 281
216 794
33 483
511 482
733 571
707 677
641 60
441 491
933 443
376 490
318 635
751 714
109 320
446 546
23 295
756 250
186 711
949 911
820 954
983 728
363 802
996 946
178 198
49 887
69 31
214 369
122 386
8 992
595 991
707 645
949 917
746 642
40 328
137 369
104 880
265 742
441 462
557 751
320 830
923 514
29 579
639 570
756 262
815 715
990 321
783 680
831 20
293 924
550 534
807 845
262 100
754 264
928 924
170 88
703 467
186 601
90 416
937 630
204 303
30 589
365 280
860 61
483 835
682 986
669 463
860 67
889 17
492 901
225 395
42 839
130 941
238 80
47 171
788 375
294 853
625 414
744 549
29 624
60 237
623 959
170 95
427 928
472 48
238 78
593 615
615 424
771 824
400 222
301 48
652 525
930 156
400 227
703 447
593 606
702 957
805 162
742 352
798 877
301 45
871 428
744 526
419 689
38 558
157 81
965 200
886 974
396 362
525 427
396 360
848 975
268 30
983 649
957 196
312 304
56 199
255 370
616 127
548 343
189 837
667 265
552 69
101 291
900 886
234 504
626 173
268 835
268 830
940 768
705 907
853 407
463 856
400 291
163 190
143 271
861 830
947 570
605 16
771 874
932 983
525 408
585 528
925 760
871 447
419 623
62 942
702 960
2 503
170 753
545 770
207 470
633 648
115 144
730 398
905 786
776 566
23 313
861 824
275 604
33 513
62 30
241 453
511 518
22 804
525 402
932 995
27 522
843 602
143 245
605 23
869 505
898 252
295 515
626 192
463 879
288 939
396 327
582 235
674 14
593 647
573 74
130 923
530 668
358 644
932 999
356 728
870 911
178 237
157 44
560 539
516 217
548 307
204 371
170 771
807 499
552 91
683 465
496 101
189 878
427 987
580 950
148 351
222 41
27 528
495 860
700 879
321 304
523 482
20 290
688 238
20 293
628 564
421 629
694 917
49 910
715 673
372 276
645 985
298 490
718 501
6 850
645 981
308 387
827 941
1000 616
140 802
730 356
189 892
674 477
406 487
140 808
464 115
391 699
62 904
5 880
372 288
286 652
796 517
683 435
5 887
20 275
494 299
554 908
715 699
191 972
570 982
191 967
177 979
393 979
461 590
965 295
940 741
895 793
372 292
308 365
700 851
77 685
773 768
138 759
888 979
56 112
140 824
90 487
286 645
279 684
688 244
566 316
155 404
406 465
368 810
1000 649
305 108
630 367
618 808
939 869
652 595
315 409
893 338
554 925
314 921
439 741
155 452
700 835
663 362
883 604
51 539
824 800
821 238
838 238
424 586
939 830
568 5
398 461
680 413
869 571
295 590
584 895
461 67
718 536
348 549
479 733
684 615
355 653
816 531
853 478
400 210
432 734
724 889
286 617
525 477
987 27
184 504
372 247
987 28
545 709
893 350
57 987
110 471
468 699
106 101
937 659
494 264
411 107
644 381
391 651
321 374
766 47
249 864
427 900
869 597
913 457
874 191
155 440
932 923
893 364
336 297
669 497
718 515
644 393
929 365
739 978
695 79
